3.320000000000000728e-01 -2.120954928170891256e-03 1.695742307232196711e-02 1.832616242025596892e-02
6.720000000000000417e-01 -5.188090627008272795e-03 3.251291893416064990e-03 1.364935657123890825e-02
9.420000000000000595e-01 -2.023299480144370027e-02 8.443963191062522433e-04 8.396945864234346690e-03
1.159000000000000030e+00 -6.453506677884992410e-03 3.652218415298023012e-03 -6.401504018932089105e-03
1.523000000000000131e+00 -7.035111475260707667e-03 2.183467227297236635e-02 -4.529455699374402081e-03
1.717000000000000304e+00 -7.876897414353904378e-03 1.447799005294151536e-02 2.777856865903068420e-02
2.069000000000000394e+00 1.166774550301244223e-03 -5.475588255758759640e-04 2.363490018319625713e-02
2.249000000000000554e+00 -6.212061741962452040e-03 7.400766099293317954e-03 2.246897240304854271e-02
2.548000000000000931e+00 -7.731849384959789580e-03 3.896141692479219987e-02 7.232700660872967355e-03
2.827000000000000846e+00 -1.593541837735122646e-02 2.381860836977778978e-02 -1.265138037612837350e-02
3.040000000000000924e+00 2.547420344850803188e-03 1.686839247704099640e-02 -2.369971159233015545e-02
3.424000000000001265e+00 1.822586224754932371e-02 1.956878647716753499e-03 1.669266856299509924e-02
3.731000000000001648e+00 -4.995916458371076757e-03 7.579053180860310544e-04 2.005111873620889565e-02
3.956000000000001737e+00 -2.084758334565629118e-02 -2.172448707733691878e-02 1.091171218193028730e-02
4.324000000000001620e+00 -2.406006331247331417e-02 4.440605602894791629e-03 1.010237422096573086e-02
4.510000000000001563e+00 1.203474197244310678e-02 6.915529645472525376e-03 2.011289785142653802e-02
4.810000000000001386e+00 -2.403538386851881981e-02 1.567764516884155579e-02 2.819226691981014787e-03
5.062000000000001165e+00 -4.326224653342815654e-03 9.929445381988010084e-04 -7.035833679758679918e-03
5.346000000000000085e+00 -2.405336218265683931e-02 4.456527484575801418e-02 6.056166921030360466e-03
5.601999999999999424e+00 1.002933195747033636e-02 -6.036969694238767704e-03 -1.114285109761125984e-02
5.885999999999998344e+00 -3.374013475208822305e-02 -9.645898943189618394e-03 3.741405045674565857e-03
6.145999999999998131e+00 -2.302366725457179533e-02 1.795847625116508278e-02 2.042189432123635989e-02
6.370999999999997776e+00 8.519191791618420189e-05 2.081641029899054460e-02 -1.530659973682136493e-02
6.750999999999997669e+00 8.024005829349497784e-03 1.180511804306728398e-02 4.534393263884662663e-03
7.068999999999998174e+00 -1.409950461154289153e-02 3.102325952006937653e-03 -1.046877024772993603e-02
7.345999999999997421e+00 -1.228361850562629046e-02 6.490397254841935928e-03 3.771259538542967062e-03
7.626999999999997115e+00 -5.688988117768652326e-03 1.180214234259729586e-02 5.839932620824031875e-03
7.837999999999996525e+00 -5.008186933972799681e-02 1.992176964685403104e-02 -2.408146652915156300e-03
8.205999999999995964e+00 9.640427193797781666e-03 3.021407693480851996e-03 -3.228272743152289792e-02
8.402999999999996916e+00 1.961256287808854359e-01 -2.115852532905664884e-01 5.813345094162182258e-01
8.699999999999997513e+00 6.463301861949940497e-01 -3.313837936536318529e-01 3.660652896028689929e-01
8.980999999999998096e+00 5.882199167546422469e-01 -1.070423042318506685e-01 2.194341581698536492e-01
9.197999999999996845e+00 1.775689601978096777e+00 -1.798770783698547537e-01 1.802850496261182989e-01
9.569999999999998508e+00 1.488260008114175026e+00 -1.750805163495055827e-01 -1.367215434123696116e-01
9.743999999999996220e+00 1.438795329924479116e+00 -2.349483183182553558e-01 -2.459191891284777387e-01
1.003399999999999714e+01 1.468327412867149073e+00 -3.550453882941503880e-01 -3.157193849492920257e-01
1.031199999999999584e+01 7.160547685960786390e-01 -2.772028329682599268e-01 -1.644083052625082420e-01
1.052699999999999569e+01 8.677606503674423211e-01 -5.199411492656947908e-01 -2.557209165956882968e-01
1.087899999999999423e+01 4.232005405068083315e-01 -3.865643477129211414e-01 -1.556549299638187167e-01
1.107299999999999507e+01 2.216716401809755432e-01 -2.925979203430110753e-01 -7.823816297780193663e-02
1.144099999999999717e+01 1.249338686617061378e-01 -2.616243982377530752e-01 -7.120256262027786776e-02
1.171999999999999709e+01 2.976070029590076327e-02 -2.526803950313362135e-01 -5.873208628485078464e-02
1.200499999999999545e+01 -6.727101417072492429e-02 -2.921943037197046733e-01 -3.723821455697964855e-02
1.227199999999999669e+01 -7.210607724850402744e-02 -9.778224131767469796e-02 -1.999294795195334998e-02
1.248899999999999899e+01 -1.358008407522442729e-01 -6.136215280853279247e-02 -3.045924568122444082e-02
1.286899999999999977e+01 -9.958984050668004406e-02 9.068063046055450938e-02 -1.665753969563731757e-02
1.304399999999999871e+01 -2.504713769574182791e-01 2.461791119624069935e-01 -5.534613680533895241e-02
1.334299999999999997e+01 -5.042915437676620538e-01 3.638676384192900959e-01 -1.680537072872743121e-01
1.361400000000000077e+01 -2.614740678414922970e-01 2.221799804479794305e-01 -7.780375335572398132e-02
1.383100000000000129e+01 -1.971721481600309800e-01 3.138273674593855533e-01 -5.902323354199977279e-02
1.419599999999999973e+01 5.751095068287657291e-02 1.913043572152914595e-01 7.777600414321937661e-02
1.439599999999999902e+01 1.080733649431750848e-01 1.256134473763419468e-01 1.316854770351181814e-01
1.468800000000000061e+01 6.568802648920790688e-02 1.263116759175832993e-01 2.307805318267300843e-01
1.496000000000000085e+01 -5.560057441564128511e-02 7.042637940467930124e-02 1.459037569573200521e-01
1.517800000000000082e+01 -1.815250173807322343e-01 2.068730651384176888e-01 2.026881514029977571e-01
1.554200000000000159e+01 -2.091606082678828527e-01 2.256662674327113427e-01 1.362408085513446832e-01
1.574600000000000044e+01 -2.152638779497796084e-01 2.607395415067872424e-01 7.434898978297604932e-02
1.604999999999999716e+01 -2.629808268937657290e-01 4.067621307725123314e-01 1.051634165398886503e-02
1.632199999999999562e+01 -1.667103893671329495e-01 2.630868372922867682e-01 -4.529538761660283769e-02
1.653899999999999437e+01 -2.649394913517452155e-01 4.114630170738682868e-01 -1.012882305299849378e-01
1.680299999999999727e+01 -1.494773097427202213e-01 2.355202984541268363e-01 -7.784356673141588912e-02
1.715799999999999415e+01 -1.797623532245239408e-01 3.129859414772249715e-01 -7.248610306205641174e-02
1.744699999999999562e+01 -1.283955260207578497e-01 2.741948455905693360e-01 -4.022028992989920559e-02
1.770799999999999486e+01 -5.527961192928300405e-02 1.681743877641583840e-01 -2.228195660815687415e-02
1.800099999999999056e+01 2.629200674969138160e-02 2.723878976213711112e-01 -8.636518328322078872e-03
1.828199999999998937e+01 3.715065676096993008e-02 1.186973552845327351e-01 2.297520772880329992e-03
1.849699999999998568e+01 1.240716814560541559e-01 2.088113565301240593e-01 6.491929933299331497e-03
1.888099999999998246e+01 1.241960343086978974e-01 1.348266233469810338e-01 2.350652170629078525e-02
1.905599999999998673e+01 1.598034383445822160e-01 1.429449527889119775e-01 3.263230819662987087e-02
1.941999999999998394e+01 1.937071007507317477e-01 1.448744762572328759e-01 1.560036081512836993e-02
1.971799999999998576e+01 1.743231004044831500e-01 1.139244743526642567e-01 2.924518488090266377e-02
2.000799999999998136e+01 2.464127308941859162e-01 1.904661502426108211e-01 5.888933711497130324e-02
2.028599999999998360e+01 8.185540625832030126e-02 7.120116751098555519e-02 4.233340800507313234e-02
2.049699999999998568e+01 -5.226376498751568456e-02 3.727383281425885458e-02 5.546444398162012762e-02
2.076499999999998636e+01 -6.104711435068367609e-02 -1.701208972216073506e-02 3.464848244186553156e-02
2.111899999999998556e+01 2.476512049377428346e-02 -3.805844973761293021e-02 4.784664359536536238e-02
2.139799999999998548e+01 4.248365213655888040e-01 7.072886140984412096e-02 1.586300389227026653e-01
2.165699999999998582e+01 4.685781725860880265e-01 1.041269466113072112e-01 9.039618271933819171e-02
2.194799999999998263e+01 1.051210006243302963e+00 2.777865460353180493e-01 -2.304534955024001297e-02
2.221899999999998343e+01 6.357295162089220408e-01 1.800875004898076504e-01 -2.297057995132185601e-02
2.243299999999998207e+01 9.724886663820115906e-01 3.055332921557493142e-01 -6.926693968678217239e-02
2.269699999999998496e+01 4.681431821619134737e-01 2.040997198370667343e-01 -3.582384961685063096e-02
2.304999999999998295e+01 4.482499304952928254e-01 2.830889268630400468e-01 -5.766342218148542281e-02
2.335199999999997900e+01 1.392489181369172546e-01 1.927246999808570060e-01 -4.997318685548339523e-02
2.361199999999998056e+01 -3.828440674865617871e-02 9.877545638499714287e-02 -1.766837283161337008e-02
2.384399999999997988e+01 -2.300584407833535239e-01 4.583814651100514073e-03 -2.763640008474097312e-02
2.420799999999997709e+01 -2.872518445754094207e-01 -1.263243008848966009e-01 -2.061345404888315427e-02
2.439999999999997726e+01 -3.885805434030535355e-01 -2.123070847743362688e-01 -1.808419049612297602e-02
2.469999999999997087e+01 -5.980459990896060951e-01 -3.029197494935031987e-01 -4.828708148472499878e-02
2.497199999999996933e+01 -4.445871414031289381e-01 -2.312330670986409709e-01 -1.196280975914308653e-02
2.518499999999997030e+01 -8.698236409679926950e-01 -4.556965125627092661e-01 -6.837004523389217381e-02
2.545299999999997098e+01 -5.339263489271239838e-01 -2.488709369487202838e-01 -6.020766834918035194e-03
2.579799999999997340e+01 -9.591066961086643916e-01 -3.785729641060107675e-01 3.471801537045551139e-02
2.616899999999997561e+01 -1.042356726466549421e+00 -3.375719248883431445e-01 8.947790867358940137e-02
2.648199999999997800e+01 -1.146995161853030742e+00 -3.153531220914639333e-01 1.249150379441949787e-01
2.669699999999997431e+01 -1.882564845273736243e+00 -4.137366188030778824e-01 1.672740221629016311e-01
2.696499999999997499e+01 -1.170980706672357430e+00 -2.339621754639565898e-01 1.133672819283876310e-02
2.730299999999997596e+01 -1.737423217678180754e+00 -3.273639141819374432e-01 -7.091160320202655187e-02
2.760799999999997212e+01 -1.049784924132885822e+00 -2.009241728266545901e-01 -7.468147729456706130e-02
2.786899999999997135e+01 -3.774386043139985047e-01 -6.868745166584451500e-02 -3.376988621568723786e-02
2.814399999999996993e+01 -7.005635470484812555e-02 7.174997447779267457e-04 -1.902862904513037690e-02
2.841399999999996950e+01 1.877335919166659983e-01 5.175371555701035325e-02 -1.482029513098328394e-02
2.869199999999997175e+01 4.935789281571679732e-01 1.363733856525062293e-01 9.148755791860311432e-03
2.896199999999997132e+01 3.127761034359743397e-01 8.036308411433469578e-02 3.826500455711174566e-03
2.918199999999997019e+01 4.245583992198570522e-01 1.180657803169576775e-01 1.112126440933399428e-02
2.956599999999996697e+01 2.935201218003409274e-01 1.082112166764522543e-01 1.021964583863049607e-02
2.974399999999996425e+01 2.538905702713840640e-01 9.463873117573705362e-02 -4.200296212397035787e-03
3.002699999999996194e+01 2.466044431973423434e-01 9.871339799194976672e-02 5.756451984293874807e-03
3.029799999999996274e+01 1.149118584657181918e-01 5.884239702852064186e-02 -9.530026573655800415e-03
3.051099999999996015e+01 1.641884339528139336e-01 7.419747476234576922e-02 -3.883528243346488773e-02
3.087499999999995737e+01 5.857172996373723878e-02 4.173792373679076351e-02 -6.235280646301860283e-03
3.108199999999995811e+01 3.437465628909092824e-02 3.639102908077354592e-02 1.805946900925960510e-02
3.136899999999995714e+01 -1.490321698658253480e-01 -2.754360280784771270e-02 7.342458940550641855e-02
3.163999999999995794e+01 -2.745770362438927914e-01 -9.089448814873557492e-02 9.588228908543534879e-02
3.186099999999995447e+01 -7.465763908594373888e-01 -2.227468710480764169e-01 9.888583399065555002e-02
3.224499999999994770e+01 -5.249741462746714271e-01 -6.668371405264059693e-01 -5.547990247195506708e-01
3.254399999999994719e+01 -5.164522856818137830e-01 -1.297565868901294994e+00 -4.281270799051369869e-01
3.282399999999994833e+01 -1.494483050539334945e+00 -2.498191817273581083e+00 4.529927403568981825e-01
3.308799999999995123e+01 -1.438983306718981225e+00 -1.258586460473671620e+00 4.796022855777089533e-01
3.330299999999994753e+01 -2.461008951088231367e+00 -1.088652066932135565e+00 8.774604131125426365e-01
3.367099999999994964e+01 -1.194282034445479201e+00 -4.095945368672987419e-01 7.814834107364281301e-01
3.385499999999995424e+01 -8.036771010822638672e-01 -3.060844377185924503e-01 6.363735429939697541e-01
3.422299999999994924e+01 -5.676307805588269861e-01 -4.474319725116724517e-02 3.643493151323466683e-02
3.451499999999995083e+01 -4.037463945443369173e-01 2.610410000281805365e-01 -4.141391340909481023e-01
3.479899999999994264e+01 -5.008942840782861783e-01 8.499343054166309530e-01 -7.702232187251322193e-01
3.506199999999994077e+01 -3.064869826030288125e-01 7.082710284696777103e-01 -4.189708225892836424e-01
3.535099999999994225e+01 -5.043970876572952955e-01 1.301025189218325995e+00 -6.874766296432259782e-01
3.561599999999994282e+01 -2.563564148007389520e-01 7.914648452844248450e-01 -3.484241394796219748e-01
3.583499999999993690e+01 -3.341951486762072543e-01 1.290153045576668100e+00 -4.671934530052372914e-01
3.610299999999993759e+01 -9.955065209769989321e-02 6.537400924356053800e-01 -1.710643585585056581e-01
3.643999999999992667e+01 -4.407561309826953794e-02 8.390396124761393404e-01 -1.169198379842991548e-01
3.679199999999992343e+01 7.214058879149704007e-02 6.985656893330343120e-01 3.023698938678407583e-02
3.697699999999992571e+01 1.165231518567165642e-01 5.376727657450398601e-01 6.052625165305017263e-02
3.727499999999992042e+01 1.925971682069252122e-01 5.671191851956998153e-01 6.073169907829604336e-02
3.754499999999992355e+01 1.494177601134137334e-01 3.036975408988045189e-01 6.084734066173980160e-02
3.776499999999992241e+01 2.388995940945926877e-01 4.416686155712421513e-01 1.120201546152714278e-01
3.813699999999992230e+01 2.004243002456194689e-01 2.761744459930296491e-01 2.152973546993515730e-01
3.845099999999992235e+01 1.874103383491655672e-01 1.944958228562179425e-01 2.704151873749177093e-01
3.872899999999991394e+01 2.647401552033890604e-01 2.645797569000334915e-01 4.591839095842615293e-01
3.898699999999991661e+01 1.273255026625230713e-01 9.609374388965850888e-02 2.667433383876521846e-01
3.926599999999991297e+01 2.624476482158394908e-01 1.694936105583200181e-01 3.720556305657864993e-01
3.952199999999991320e+01 1.520784115274145809e-01 8.459080170905552976e-02 2.338414330351225312e-01
3.980899999999990513e+01 4.177876360467596140e-01 1.529863460199845371e-01 -6.007595397957891242e-02
4.007599999999990104e+01 3.422781622074684282e-01 9.253016473376821441e-03 -1.042369626280533479e-01
4.029299999999989979e+01 6.424508089216777185e-01 -1.047311236129500056e-01 -2.471240291182320581e-01
4.064899999999990143e+01 4.224527982719326613e-01 -1.782990788484439260e-01 -1.176666331786380137e-01
4.083599999999989905e+01 1.095148439136014035e-01 -1.488970285922938674e-01 -8.492177240826533080e-02
4.113899999999989632e+01 8.616799222166454664e-02 -1.446145325858761710e-01 -2.164728360414396036e-01
4.140999999999989711e+01 8.621081605501570988e-02 -1.425312252113978585e-02 -1.133991905601500622e-01
4.162399999999989575e+01 1.565710820866661190e-01 -1.640228346094192713e-02 -1.740101568855553782e-01
4.200799999999988898e+01 2.241919047546047095e-01 1.069758030244238704e-02 -1.296234382880488700e-01
4.219199999999988648e+01 1.828494272153714795e-01 7.609795328051602303e-02 -6.065333049600590137e-02
4.249199999999988364e+01 4.715756338216945537e-02 1.767157995693476036e-01 6.894568730084912021e-04
4.274799999999988387e+01 -1.810260849122194704e-01 1.470907997699072434e-01 4.846815579968239557e-02
4.297799999999988785e+01 -5.296659013152680284e-01 3.011761295225169333e-01 -2.163230591364620134e-02
4.335799999999988330e+01 -5.929929538069937944e-01 3.198555712329952394e-01 -1.000487393670278086e-01
4.367799999999988358e+01 -4.786863286363853276e-01 2.350429387275779214e-01 -1.355004105681993920e-01
4.409999999999988063e+01 -4.228819341456839798e-01 2.787879531009946343e-01 -1.890578908863452812e-01
4.447999999999987608e+01 -1.427406415674118134e-01 1.802883989340911819e-01 -1.035755414054043699e-01
4.466099999999988057e+01 -1.580162992383863513e-02 1.405756828656018198e-01 -6.785013158908248521e-02
4.501299999999987733e+01 2.622041009919470061e-02 1.226320519424255739e-01 -5.729326701917216574e-02
4.532599999999987261e+01 8.984712058825944370e-02 9.031813066393233613e-02 -7.290806483609213462e-02
4.560699999999986431e+01 1.019706754388185477e-01 6.036173187297576292e-02 -1.401082260110169397e-01
4.587999999999986755e+01 1.073317922917205042e-01 -1.226294544915131589e-02 -1.030983546032036152e-01
4.609799999999986397e+01 2.128555213902000032e-01 -1.092076907008936587e-01 -2.095317011716322786e-01
4.647899999999986420e+01 2.358109058206836750e-01 -1.654486188659387569e-01 -1.561657636082707246e-01
4.664899999999985880e+01 2.747388077799634565e-01 -2.607777641241922906e-01 -1.062510000367588442e-01
4.694699999999986062e+01 4.251675216788206035e-01 -4.428053152613971588e-01 1.093076773680461480e-02
4.721299999999986596e+01 3.036886293843225615e-01 -2.770425171833688083e-01 9.271885214295520761e-02
4.743599999999986494e+01 5.206026983617136894e-01 -4.303924226101519257e-01 2.430174114407057939e-01
4.779199999999986659e+01 5.430950172695304667e-01 -3.931131542655297295e-01 2.868604929803880155e-01
4.797799999999986653e+01 5.803251712852040001e-01 -3.408781628497683514e-01 2.780809700735974443e-01
4.827999999999986613e+01 9.145444780366486226e-01 -4.550656795079173200e-01 3.697040502104048110e-01
4.854399999999986903e+01 7.185499942365796144e-01 -2.881050585089274807e-01 2.486805968593532035e-01
4.876999999999987523e+01 1.388240776117679598e+00 -4.814234220786996477e-01 3.546820872296505556e-01
4.914599999999987290e+01 1.322138755646262043e+00 -3.803805132897157826e-01 1.158705821540354786e-01
4.933699999999986829e+01 1.154644372078675429e+00 -3.111691785496890628e-01 -4.998132317661740931e-02
4.962599999999986977e+01 1.159942893943507025e+00 -3.232795216801793159e-01 -1.598467202511721086e-01
4.989699999999987057e+01 4.261401789698877063e-01 -1.238895456977079923e-01 -7.497494871583097742e-02
5.011299999999987875e+01 2.609094483781291274e-01 -6.747008926141355445e-02 -1.212914944940899770e-01
5.048099999999988796e+01 -1.579887927066478959e-01 2.412441562271321407e-02 -8.659564655441354120e-02
5.067599999999988825e+01 -2.989006780712110123e-01 5.935182453588496582e-02 -8.493266323707154841e-02
5.102799999999989211e+01 -3.232365607669784868e-01 9.828186296628410590e-02 -5.337623964350012712e-02
5.119999999999988916e+01 -3.023399498319174761e-01 8.129438090851337506e-02 -5.184270121049858182e-02
5.149999999999988631e+01 -3.036591624903829945e-01 7.352854388412612130e-02 -5.276728808526862796e-02
5.175199999999988876e+01 -2.007006153633438816e-01 5.493535318932127320e-02 -3.383987244869431782e-02
5.204399999999989035e+01 -2.662311196136535885e-01 4.494773180599411638e-02 -4.761327696774345086e-02
