3.320000000000000728e-01 2.082933598490015886e-02 -5.542651491999295299e-02 -3.343491810126152791e-02
6.720000000000000417e-01 2.012375565962703367e-02 -5.498433922248836814e-02 -3.157860560757303620e-02
9.420000000000000595e-01 1.733160237702780285e-02 -5.486781253045170531e-02 -3.041982707830869631e-02
1.159000000000000030e+00 1.666043768252776364e-02 -5.448798181526071094e-02 -3.108558349627763354e-02
1.523000000000000131e+00 1.570366252189230732e-02 -5.151846638613646889e-02 -3.170158947139255223e-02
1.717000000000000304e+00 1.485295760114208573e-02 -4.995484346041878521e-02 -2.870150405621723841e-02
2.069000000000000394e+00 1.500697184178184998e-02 -5.002712122539480083e-02 -2.558169723203533238e-02
2.249000000000000554e+00 1.434228123539186758e-02 -4.923523925277041580e-02 -2.317751718490913826e-02
2.548000000000000931e+00 1.351497335120117015e-02 -4.506636764181765065e-02 -2.240361821419573074e-02
2.827000000000000846e+00 1.126807935999464723e-02 -4.170794386167898243e-02 -2.418746284722983128e-02
3.040000000000000924e+00 1.153301107585913074e-02 -3.995363104406671889e-02 -2.665223285283216739e-02
3.424000000000001265e+00 1.415753523950623316e-02 -3.967184051879550644e-02 -2.424848857976087332e-02
3.731000000000001648e+00 1.343812326950079815e-02 -3.956270215299111798e-02 -2.136112748174679235e-02
3.956000000000001737e+00 1.110319393478729350e-02 -4.199584470565285305e-02 -2.013901571737060012e-02
4.324000000000001620e+00 7.831025324290922379e-03 -4.139192234365916129e-02 -1.876509282331926057e-02
4.510000000000001563e+00 9.118742715342334840e-03 -4.065196067159360105e-02 -1.661301275321662094e-02
4.810000000000001386e+00 6.426779722068226910e-03 -3.889606441268334686e-02 -1.629725936371474726e-02
5.062000000000001165e+00 5.873022966440346465e-03 -3.876896751179390033e-02 -1.719784607472385832e-02
5.346000000000000085e+00 3.371473299444035371e-03 -3.413417892783506685e-02 -1.656800471493670088e-02
5.601999999999999424e+00 4.695345117830119867e-03 -3.493105892747458419e-02 -1.803886105982138721e-02
5.885999999999998344e+00 1.186371103612944480e-03 -3.593423241756630443e-02 -1.764975493507123239e-02
6.145999999999998131e+00 -1.852752973990532803e-03 -3.356371355241251353e-02 -1.495406488466803283e-02
6.370999999999997776e+00 -1.843211479183920172e-03 -3.123227559892557265e-02 -1.666840405519202581e-02
6.750999999999997669e+00 -7.198506630749901660e-04 -2.957955907289615272e-02 -1.603358899824817302e-02
7.068999999999998174e+00 -2.792477840971795047e-03 -2.912351715795113288e-02 -1.757249822466447342e-02
7.345999999999997421e+00 -4.033123310040050494e-03 -2.846798703521209728e-02 -1.719160101127163373e-02
7.626999999999997115e+00 -4.823892658409893210e-03 -2.682748924959107301e-02 -1.637985037697709326e-02
7.837999999999996525e+00 -1.003240706974160498e-02 -2.475562520631825400e-02 -1.663029762888026952e-02
8.205999999999995964e+00 -8.721308971385106565e-03 -2.434471376000485812e-02 -2.102074855956738431e-02
8.402999999999996916e+00 1.324476145207406121e-02 -4.804226212854830619e-02 4.408871649504905732e-02
8.699999999999997513e+00 8.369475174732841916e-02 -8.416309563679418015e-02 8.398983306176177610e-02
8.980999999999998096e+00 1.654573201762236934e-01 -9.904197592502142489e-02 1.144911810473714375e-01
9.197999999999996845e+00 3.554561075878800436e-01 -1.182888233105958836e-01 1.337816813573660946e-01
9.569999999999998508e+00 5.638125087238645694e-01 -1.428000955995266663e-01 1.146406652796343462e-01
9.743999999999996220e+00 7.134472230360103806e-01 -1.672347207046252227e-01 8.906506961027266245e-02
1.003399999999999714e+01 8.749632384513967853e-01 -2.062897134169817681e-01 5.433593726585053685e-02
1.031199999999999584e+01 9.737787965176556426e-01 -2.445437043666016386e-01 3.164759113962439807e-02
1.052699999999999569e+01 1.067496946757339416e+00 -3.006973484872966784e-01 4.029732147290063238e-03
1.087899999999999423e+01 1.123359418104238117e+00 -3.517238423854022744e-01 -1.651671860793400837e-02
1.107299999999999507e+01 1.147299955243783476e+00 -3.833244177824474686e-01 -2.496644020953661669e-02
1.144099999999999717e+01 1.164790696856422336e+00 -4.199518335357328991e-01 -3.493479897637551818e-02
1.171999999999999709e+01 1.168808391396368940e+00 -4.540636868649632896e-01 -4.286363062483037473e-02
1.200499999999999545e+01 1.161610392880101372e+00 -4.853284773629716886e-01 -4.684811958242719732e-02
1.227199999999999669e+01 1.151731860297056320e+00 -4.987246444234931242e-01 -4.958715345184480650e-02
1.248899999999999899e+01 1.137065369495813938e+00 -5.053517569268146659e-01 -5.287675198541704619e-02
1.286899999999999977e+01 1.123122791824878730e+00 -4.926564686623370326e-01 -5.520880754280627079e-02
1.304399999999999871e+01 1.097073768621307233e+00 -4.670538410182467071e-01 -6.096480577056152123e-02
1.334299999999999997e+01 1.041097407263096741e+00 -4.266645331537055053e-01 -7.961876727944897092e-02
1.361400000000000077e+01 1.005275459968812291e+00 -3.962258758323323193e-01 -9.027788148918315658e-02
1.383100000000000129e+01 9.847695565601690681e-01 -3.635878296165562240e-01 -9.641629777755113262e-02
1.419599999999999973e+01 9.925335349023574061e-01 -3.377617413924918766e-01 -8.591653721821651546e-02
1.439599999999999902e+01 1.004637751775993015e+00 -3.236930352863415794e-01 -7.116776379028327826e-02
1.468800000000000061e+01 1.011994810742784301e+00 -3.095461275835722503e-01 -4.532034422568950727e-02
1.496000000000000085e+01 1.004433132622257085e+00 -2.999681399845358643e-01 -2.547743327949397729e-02
1.517800000000000082e+01 9.855545308146609340e-01 -2.784533412101404259e-01 -4.397865533582210468e-03
1.554200000000000159e+01 9.571086880902288652e-01 -2.477627288392916793e-01 1.413088442940066587e-02
1.574600000000000044e+01 9.329991337598535495e-01 -2.185599001905315086e-01 2.245797128509398333e-02
1.604999999999999716e+01 9.035452811477517887e-01 -1.730025415440101244e-01 2.363580155034073621e-02
1.632199999999999562e+01 8.808726681938217062e-01 -1.372227316722591239e-01 1.747562883448275026e-02
1.653899999999999437e+01 8.525241426191849659e-01 -9.319618884535521564e-02 6.637788167774362480e-03
1.680299999999999727e+01 8.327931377331458940e-01 -6.210750944941047236e-02 -3.637562640772537027e-03
1.715799999999999415e+01 8.061883094559163521e-01 -1.578559011078117455e-02 -1.436550589395688485e-02
1.744699999999999562e+01 7.921931971196537470e-01 1.410164805859088002e-02 -1.874951749631589837e-02
1.770799999999999486e+01 7.849515679569176729e-01 3.613249285569562763e-02 -2.166845381198444914e-02
1.800099999999999056e+01 7.876070606386365025e-01 6.364367051545410936e-02 -2.254074216314497919e-02
1.828199999999998937e+01 7.927710019284113230e-01 8.014260290000416176e-02 -2.222138677571461329e-02
1.849699999999998568e+01 8.056744567998409545e-01 1.018589839791370633e-01 -2.154622606265148288e-02
1.888099999999998246e+01 8.235586857402934502e-01 1.212740177411023301e-01 -1.816128693694561008e-02
1.905599999999998673e+01 8.400184398897854177e-01 1.359973478783602641e-01 -1.480015919269273353e-02
1.941999999999998394e+01 8.663626055918849378e-01 1.557002766493439383e-01 -1.267851012183527498e-02
1.971799999999998576e+01 8.907678396485125827e-01 1.716497030587169348e-01 -8.584184238508901776e-03
2.000799999999998136e+01 9.159019381997195453e-01 1.910772503834632374e-01 -2.577471852781829109e-03
2.028599999999998360e+01 9.271979842633677471e-01 2.009030114999792449e-01 3.264538451918264084e-03
2.049699999999998568e+01 9.217625527046661160e-01 2.047794901126621658e-01 9.032840626006757162e-03
2.076499999999998636e+01 9.134601451529731353e-01 2.024658459104483055e-01 1.374503423810046962e-02
2.111899999999998556e+01 9.171253829860517293e-01 1.968331953492815922e-01 2.082633749021454289e-02
2.139799999999998548e+01 9.621580542508041400e-01 2.043304546587250692e-01 3.764112161602102546e-02
2.165699999999998582e+01 1.024478951204753852e+00 2.181793385580289291e-01 4.966381391769300602e-02
2.194799999999998263e+01 1.132753581847814051e+00 2.467913527996666856e-01 4.729014291401828496e-02
2.221899999999998343e+01 1.219848525568436370e+00 2.714633403667703337e-01 4.414317346068719061e-02
2.243299999999998207e+01 1.320987346872165569e+00 3.032388027509682615e-01 3.693941173326184546e-02
2.269699999999998496e+01 1.382782246917538149e+00 3.301799657694610701e-01 3.221066358383756212e-02
2.304999999999998295e+01 1.447330236908860313e+00 3.709447712377388351e-01 2.390713078970366223e-02
2.335199999999997900e+01 1.463343862494605796e+00 3.931081117355373911e-01 1.816021430132307157e-02
2.361199999999998056e+01 1.458290320803783180e+00 4.061464719783570154e-01 1.582798908755010669e-02
2.384399999999997988e+01 1.432523775436047586e+00 4.066598592192802730e-01 1.273271227805911759e-02
2.420799999999997709e+01 1.393457524573791906e+00 3.894797542989343331e-01 9.929282527411008308e-03
2.439999999999997726e+01 1.351490825886262126e+00 3.665505891433060159e-01 7.976189953829726856e-03
2.469999999999997087e+01 1.284509673988226242e+00 3.326235772000336599e-01 2.568036827540526659e-03
2.497199999999996933e+01 1.224045822757400703e+00 3.011758800746184850e-01 9.410947002970668218e-04
2.518499999999997030e+01 1.133584164096729463e+00 2.537834427680967231e-01 -6.169390004027719421e-03
2.545299999999997098e+01 1.060970180642640592e+00 2.199369953430707625e-01 -6.988214293576572311e-03
2.579799999999997340e+01 9.238179230991016011e-01 1.658010614759112267e-01 -2.023538095601434827e-03
2.616899999999997561e+01 7.778879813937846777e-01 1.185409919915431792e-01 1.050336911870108220e-02
2.648199999999997800e+01 6.081326974395361296e-01 7.186872992200651900e-02 2.899079473444193811e-02
2.669699999999997431e+01 4.123459535310675661e-01 2.884012156648642702e-02 4.638729303938370768e-02
2.696499999999997499e+01 2.530925774236269521e-01 -2.978734296611676435e-03 4.792908807360977963e-02
2.730299999999997596e+01 9.853326948681628839e-03 -4.880968228208291959e-02 3.800146362532606098e-02
2.760799999999997212e+01 -1.087723694783344769e-01 -7.151411381149488933e-02 2.956245669103998303e-02
2.786899999999997135e+01 -1.582168266434682835e-01 -8.051216997972052147e-02 2.513860159678495479e-02
2.814399999999996993e+01 -1.652925184686579452e-01 -8.043970250549795087e-02 2.321671006322678643e-02
2.841399999999996950e+01 -1.401362171518246991e-01 -7.350470462085856305e-02 2.123079051567502637e-02
2.869199999999997175e+01 -8.979116647979357158e-02 -5.959461928430292987e-02 2.216396360644477814e-02
2.896199999999997132e+01 -4.787916861937300400e-02 -4.882596601298207911e-02 2.267671466751007558e-02
2.918199999999997019e+01 -2.026861503628440628e-03 -3.607486173875065066e-02 2.387781122371814696e-02
2.956599999999996697e+01 4.024003603562064518e-02 -2.049244653734152641e-02 2.534944022448093817e-02
2.974399999999996425e+01 6.664465534384458878e-02 -1.065001849506487346e-02 2.491260941839164647e-02
3.002699999999996194e+01 9.377114409555224739e-02 2.084552840496020046e-04 2.554581913666397266e-02
3.029799999999996274e+01 1.095140687053556411e-01 8.269863676956930310e-03 2.424020549607312780e-02
3.051099999999996015e+01 1.265896658364482896e-01 1.598640105224088948e-02 2.020133612299277945e-02
3.087499999999995737e+01 1.345554211115165544e-01 2.166275868044443415e-02 1.935333795509572644e-02
3.108199999999995811e+01 1.385428812410511024e-01 2.588411805381416603e-02 2.144823636016984086e-02
3.136899999999995714e+01 1.225964390654077918e-01 2.293695255337446087e-02 2.930466742655902720e-02
3.163999999999995794e+01 8.497938509999447554e-02 1.048440767699768648e-02 4.244054103126367050e-02
3.186099999999995447e+01 4.349134887175237080e-03 -1.357225439619456735e-02 5.312021110225446929e-02
3.224499999999994770e+01 -7.124714217637743985e-02 -1.095968026319970173e-01 -2.677084845736081575e-02
3.254399999999994719e+01 -1.435504621718313722e-01 -2.912560242781783160e-01 -8.670863964408000168e-02
3.282399999999994833e+01 -2.974822163773828687e-01 -5.485697814573571307e-01 -4.005038738731948877e-02
3.308799999999995123e+01 -4.931839460911643380e-01 -7.197375400817764834e-01 2.517552345124893232e-02
3.330299999999994753e+01 -7.515898859554286382e-01 -8.340460071096507111e-01 1.173088668280659053e-01
3.367099999999994964e+01 -9.175950887433502734e-01 -8.909796477342052379e-01 2.259350609204294202e-01
3.385499999999995424e+01 -1.001177507255905708e+00 -9.228124292569388487e-01 2.921179093918022662e-01
3.422299999999994924e+01 -1.080645816534141490e+00 -9.290764768721022637e-01 2.972187998036551204e-01
3.451499999999995083e+01 -1.137170311770348663e+00 -8.925307368681569820e-01 2.392393210309223806e-01
3.479899999999994264e+01 -1.189263317314490420e+00 -8.041375691048273655e-01 1.591361062835086326e-01
3.506199999999994077e+01 -1.229413112035487199e+00 -7.113540643752995773e-01 1.042509285243124750e-01
3.535099999999994225e+01 -1.280357217888874022e+00 -5.799505202642486479e-01 3.481578893034664723e-02
3.561599999999994282e+01 -1.314965333886973786e+00 -4.731027661508512838e-01 -1.222146989940232215e-02
3.583499999999993690e+01 -1.351058409944004168e+00 -3.337662372285711276e-01 -6.267836282396795078e-02
3.610299999999993759e+01 -1.364597298629291355e+00 -2.448575846573287917e-01 -8.594311558792472328e-02
3.643999999999992667e+01 -1.370767884463049091e+00 -1.273920389106692752e-01 -1.023118929057266063e-01
3.679199999999992343e+01 -1.361245326742571482e+00 -3.518136791870873914e-02 -9.832061030667110790e-02
3.697699999999992571e+01 -1.348660826342046093e+00 2.288729078175557111e-02 -9.178377512814168970e-02
3.727499999999992042e+01 -1.327667735007491245e+00 8.470328196808685206e-02 -8.516401992860742065e-02
3.754499999999992355e+01 -1.307048084111840147e+00 1.266135426121218766e-01 -7.676708691728732770e-02
3.776499999999992241e+01 -1.281246927949624137e+00 1.743137530938160262e-01 -6.466891021883801327e-02
3.813699999999992230e+01 -1.253187525915237410e+00 2.129781755328401804e-01 -3.452728056092879000e-02
3.845099999999992235e+01 -1.226200437192957571e+00 2.409855740241355626e-01 4.412506421059357586e-03
3.872899999999991394e+01 -1.199196941362211888e+00 2.679727092279389766e-01 5.124926519865403290e-02
3.898699999999991661e+01 -1.182644626016083889e+00 2.804648959335945824e-01 8.592589918904881829e-02
3.926599999999991297e+01 -1.155874965898068263e+00 2.977532442105432220e-01 1.238755735067590402e-01
3.952199999999991320e+01 -1.136256850811031782e+00 3.086654576310113862e-01 1.540411183682898477e-01
3.980899999999990513e+01 -1.091553573754028506e+00 3.250349966551497327e-01 1.476129912924749044e-01
4.007599999999990104e+01 -1.044661465531605327e+00 3.263026599120023574e-01 1.333325274124315951e-01
4.029299999999989979e+01 -9.752767781680641290e-01 3.149916985618037568e-01 1.066431322676625326e-01
4.064899999999990143e+01 -9.178231976030812866e-01 2.907430238384153820e-01 9.064047015536776108e-02
4.083599999999989905e+01 -9.059955944604123346e-01 2.746621447504476454e-01 8.146891873527510597e-02
4.113899999999989632e+01 -8.964309473238075698e-01 2.586099316334153908e-01 5.744043393467530845e-02
4.140999999999989711e+01 -8.846200655242704158e-01 2.566572538480192400e-01 4.190474482793474925e-02
4.162399999999989575e+01 -8.684932440693438060e-01 2.549678186515422218e-01 2.398169866872254530e-02
4.200799999999988898e+01 -8.362096097846807297e-01 2.565082702150939253e-01 5.315923555243507598e-03
4.219199999999988648e+01 -8.164618716454206115e-01 2.647268491693896553e-01 -1.234636138325129889e-03
4.249199999999988364e+01 -8.113688548001463108e-01 2.838121555228791948e-01 -1.160174796040212841e-03
4.274799999999988387e+01 -8.352642980085592805e-01 3.032281410925069531e-01 5.237621769517863957e-03
4.297799999999988785e+01 -8.945868789558693024e-01 3.369598675990288505e-01 2.814803507189489462e-03
4.335799999999988330e+01 -9.776058924888484380e-01 3.817396475716481885e-01 -1.119202000419440568e-02
4.367799999999988358e+01 -1.048451469127033464e+00 4.165260025033297175e-01 -3.124608076828791492e-02
4.409999999999988063e+01 -1.108923585709866266e+00 4.563926797967719495e-01 -5.828135916503528885e-02
4.447999999999987608e+01 -1.128907275529303922e+00 4.816330556475447167e-01 -7.278193496179190258e-02
4.466099999999988057e+01 -1.130550645041383140e+00 4.962529266655673066e-01 -7.983834864705648127e-02
4.501299999999987733e+01 -1.127089550908289439e+00 5.124403575219674822e-01 -8.740105989358720739e-02
4.532599999999987261e+01 -1.114151565543580080e+00 5.254461683375737380e-01 -9.789982122998447389e-02
4.560699999999986431e+01 -1.103444644622504134e+00 5.317841501842361929e-01 -1.126111849611412530e-01
4.587999999999986755e+01 -1.088525525493954982e+00 5.300796007668041598e-01 -1.269418562509865567e-01
4.609799999999986397e+01 -1.065537129183813381e+00 5.182851701711076453e-01 -1.495712799775228419e-01
4.647899999999986420e+01 -1.031816169651455617e+00 4.946260176732784064e-01 -1.719029841735055519e-01
4.664899999999985880e+01 -1.003243333642339419e+00 4.675051302043624069e-01 -1.829530881773284712e-01
4.694699999999986062e+01 -9.581755763443844387e-01 4.205677667866543068e-01 -1.817944267972271821e-01
4.721299999999986596e+01 -9.174813000068852142e-01 3.834440694840828834e-01 -1.693701006100711837e-01
4.743599999999986494e+01 -8.591737977903732837e-01 3.352401181517458695e-01 -1.421521505287121345e-01
4.779199999999986659e+01 -7.853128754417171287e-01 2.817767291716338218e-01 -1.031391234833793635e-01
4.797799999999986653e+01 -7.226377569429150993e-01 2.449618875838588394e-01 -7.310637871543083921e-02
4.827999999999986613e+01 -6.220378643588837519e-01 1.949046628379879353e-01 -3.243893319228630806e-02
4.854399999999986903e+01 -5.264707151254186535e-01 1.565866900563005759e-01 6.355861900076698046e-04
4.876999999999987523e+01 -3.751524705285915751e-01 1.041115370497223136e-01 3.929593369803958264e-02
4.914599999999987290e+01 -1.913751834937611196e-01 5.123864570245181133e-02 5.540194461745051591e-02
4.933699999999986829e+01 -6.667359130926417410e-02 1.763237441908538719e-02 5.000396171437583581e-02
4.962599999999986977e+01 6.208006991846509032e-02 -1.825165248741451515e-02 3.226097576649573223e-02
4.989699999999987057e+01 1.204612744373397132e-01 -3.522452024800051124e-02 2.198940779242688701e-02
5.011299999999987875e+01 1.473349476202870101e-01 -4.217393944192610739e-02 9.496383859535620364e-03
5.048099999999988796e+01 1.256904830194762457e-01 -3.886889450161439691e-02 -2.367219718419036768e-03
5.067599999999988825e+01 9.340920978778545491e-02 -3.245889745173882041e-02 -1.153994734802276344e-02
5.102799999999989211e+01 4.977227408424335364e-02 -1.919084595129046458e-02 -1.874573969989528147e-02
5.119999999999988916e+01 1.832891930172393657e-02 -1.073623033680507453e-02 -2.413738062578713386e-02
5.149999999999988631e+01 -1.446627024723743001e-02 -2.795147597319453010e-03 -2.983624773899614530e-02
5.175199999999988876e+01 -4.015594901374544556e-02 4.236577610913670397e-03 -3.416775141242901770e-02
5.204399999999989035e+01 -6.784398545356541688e-02 8.911141718737058612e-03 -3.911953221707433620e-02
